"1" "2" "3" "4"
"V1423" 0.838747649830583 1.88054884259835e-07 0.160529923942379 0.00072223817215301
"V1424" 0.935201903917587 7.75321786590712e-08 0.0645550420990118 0.000242976451222394
"V1425" 0.659078203779152 0.0895133798423877 3.11598925025403e-07 0.251408104779536
"V1426" 0.632938991155379 0.0526188915822653 0.0208651965744818 0.293576920687874
"V1427" 0.551900769184026 0.0606984954140681 0.0425631494756749 0.344837585926231
"V1428" 0.510404827736441 0.32463045019081 0.0179571772358579 0.147007544836891
"V1429" 0.383481275822026 0.319040747169711 0.0245141551016071 0.272963821906656
"V1430" 0.331463867105545 0.19082714666978 1.00366350305763e-07 0.477708885858325
"V1431" 0.588630347722695 0.144709563713875 6.61256600637286e-05 0.266593962903367
"V1432" 0.256541713752143 0.144534051326584 0.0125525553698154 0.586371679551458
"V1433" 0.293242709223741 0.325246142635522 0.0115665824244386 0.369944565716299
"V1434" 0.368483719523858 0.490510471262091 0.0047779288399604 0.136227880374091
"V1435" 0.248631493630548 0.448193761868646 0.0192842756671817 0.283890468833624
"V1436" 0.503174239506261 0.403959735694254 0.0177437408478681 0.0751222839516167
"V1437" 0.429348475899096 0.452323444525893 0.00618687497391291 0.112141204601098
"V1438" 0.661850560747834 0.146969157855075 0.00975550076453579 0.181424780632555
"V1439" 0.552699841970811 0.174680005515795 0.0300861174003954 0.242534035112998
"V1440" 0.719646818375592 0.148679886418382 0.00131258620579753 0.130360709000228
"V1441" 0.455666452958738 0.0932123755707189 0.00884271958227598 0.442278451888267
"V1442" 0.470379158144833 0.417537852647814 0.0192596442374081 0.0928233449699448
"V1443" 0.534856423820208 0.334443740245732 0.0307811237987615 0.0999187121352982
"V1444" 0.775174153659133 0.0478351651078858 0.00398149088540519 0.173009190347576
"V1445" 0.346344406647735 0.489642651505834 0.00450996422794907 0.159502977618482
"V1446" 0.214362369334795 0.521196862818661 0.000136294770167249 0.264304473076377
"V1447" 0.427442813541908 0.251977674319639 0.0394135946454018 0.281165917493051
"V1448" 0.85735550536337 0.047619121438724 0.0183332994132279 0.076692073784678
"V1449" 0.319814469023893 0.0971882521214915 0.0157063176184534 0.567290961236162
"V1450" 0.710156866077854 0.180863496253427 0.0349354843276726 0.0740441533410464
"V1451" 0.352295368570048 0.182109663696319 0.0137525104211858 0.451842457312447
"V1452" 0.655322479654776 0.0854592012194476 0.0164804662701258 0.242737852855651
"V1453" 0.508589119911282 0.126200288837115 0.0569184682477658 0.308292123003837
"V1454" 0.694881666139187 0.118285253890614 0.0374576824323744 0.149375397537825
"V1455" 0.651004387709322 0.19471707624828 0.05205338463218 0.102225151410217
"V1456" 0.694104856942239 0.069881495559506 0.0724168371172292 0.163596810381025
"V1457" 0.547035164829446 0.246620338337275 0.000342034480813874 0.206002462352465
"V1458" 0.385809426747358 0.544639847283738 0.00581401386107283 0.0637367121078311
"V1459" 0.288040485332282 0.355757396546181 0.0426351904459636 0.313566927675573
"V1460" 0.372322801284697 0.369396340981116 0.00451565388849868 0.253765203845688
"V1461" 0.487933317988569 0.361248360291665 0.0247757597500884 0.126042561969678
"V1462" 0.564151093902629 0.110118426466779 0.0490204555892227 0.276710024041369
"V1463" 0.274451290017029 0.187487733544363 0.0518541504477146 0.486206825990893
"V1464" 0.42020008832104 0.461471712787373 0.0304521484921724 0.0878760503994147
"V1465" 0.503448440619302 0.114266817567159 1.39685766509419e-07 0.382284602127772
"V1466" 0.532511590845235 0.279386811894312 0.0328680331669227 0.15523356409353
"V1467" 0.550846120531537 0.328614965847005 0.0453120552943131 0.0752268583271448
"V1468" 0.0261886298813448 0.157423180393974 0.0237888468045937 0.792599342920088
"V1469" 0.197945450264164 0.167133163378116 0.0183972273553181 0.616524159002402
"V1470" 0.23203676388453 0.279344226279233 4.25438516624024e-07 0.48861858439772
"V1471" 0.310571372255395 0.275445044405374 5.86557783484914e-07 0.413982996781447
"V1472" 0.119300618618623 0.295491109607697 2.08303689055828e-06 0.585206188736789
"V1473" 0.365124720047212 0.0859113902747704 0.00672442100118558 0.542239468676832
"V1474" 0.0966002334911159 0.0795939687670211 2.0550528678717e-07 0.823805592236576
"V1475" 0.335585839901248 0.500463479993865 0.0190732964967364 0.144877383608151
"V1476" 0.166486652283226 0.620991523236016 0.0109086144660467 0.201613210014711
"V1477" 0.411069763469374 0.248273255430211 0.09767736809441 0.242979613006006
"V1478" 0.23207565070798 0.183753438162523 0.0385464700809162 0.545624441048581
"V1479" 0.353950013961508 0.387189752186468 0.0105159450577899 0.248344288794233
"V1480" 0.477184966487717 0.241017301592104 0.0271753805223707 0.254622351397808
"V1481" 0.170338798083915 0.598451571203023 0.0103955364250489 0.220814094288013
"V1482" 0.410841312984027 0.386563988723656 4.77341139943599e-05 0.202546964178322
"V1483" 0.311854706355189 0.608852516395372 0.0188287858677124 0.0604639913817261
"V1484" 0.53752048900927 0.382922305795248 0.00285870533969888 0.0766984998557833
"V1485" 0.536259852357472 0.279413208484899 0.021707922799568 0.162619016358062
"V1486" 0.343669737858661 0.529520367927904 0.00928245527479873 0.117527438938636
"V1487" 0.204908771097807 0.293715105808624 0.0801465295324252 0.421229593561144
"V1488" 0.377361714014415 0.260917930758966 0.0144679737218208 0.347252381504799
"V1489" 0.423201628671218 0.497047354616979 0.00446512395954251 0.0752858927522602
"V1490" 0.143973612889394 0.762374112259497 0.0222818833627501 0.0713703914883589
"V1491" 0.261818111606147 0.230115330447431 0.123762041002297 0.384304516944125
"V1492" 0.333534770678793 0.228294189770032 0.0716806545564431 0.366490384994733
"V1493" 0.310109637637315 0.457289492072846 0.0347628641449805 0.197838006144858
"V1494" 0.301814588144901 0.504650023115071 0.0321994761561479 0.16133591258388
"V1495" 0.160269553826731 0.522515191319551 0.0347273306066572 0.28248792424706
"V1496" 0.495609414117006 0.406779262618195 0.0194412402774752 0.078170082987324
"V1497" 0.137076245665771 0.831941730958813 0.0179334718384895 0.0130485515369265
"V1498" 0.717373253109137 0.194834500396 0.000431777333776198 0.0873604691610862
"V1499" 0.662438087732063 0.256500901070347 0.0079807385433519 0.0730802726542375
"V1500" 0.490297707508749 0.117821822377131 2.15647657139106e-06 0.391878313637548
"V1501" 0.118966048234411 0.839420212674883 0.00793005754777592 0.0336836815429298
"V1502" 0.404297777043311 0.340165297949406 0.0244809501686819 0.2310559748386
"V1503" 0.290564994787623 0.635647975858373 0.00650349095634901 0.0672835383976552
"V1504" 0.1949266958467 0.746214979957824 0.0378861452955944 0.0209721788998816
"V1505" 0.507396430506573 0.254508298853507 0.044897072760892 0.193198197879028
"V1506" 0.317752593616311 0.50702707253669 0.021083760602408 0.15413657324459
"V1507" 0.379841218760273 0.539442947462628 0.00220320627368163 0.0785126275034169
"V1508" 0.456638378519166 0.501932814211024 0.000930764679987864 0.0404980425898222
"V1509" 0.0433076762015271 0.878625240937724 0.00650877562198358 0.0715583072387649
"V1510" 0.0772332488086319 0.854301451305747 0.0384655996201408 0.0299997002654799
"V1511" 0.162594430537222 0.802084889200265 0.0177116518469508 0.0176090284155618
"V1512" 0.330408055655484 0.192914735959182 0.00976410187887337 0.466913106506461
"V1513" 0.451122666161769 0.494622619245299 8.72997669162862e-08 0.0542546272931646
"V1514" 0.338605157747506 0.626189202964591 0.00989253304160982 0.0253131062462933
"V1515" 0.607072864322672 0.292260988618242 1.82682081166129e-05 0.100647878850969
"V1516" 0.392122947743384 0.574915568622132 0.0217687460687244 0.0111927375657595
"V1517" 0.576250876670372 0.380718818089447 0.00245917914146994 0.0405711260987106
"V1518" 0.476404114276112 0.392768694397367 0.0183357446900136 0.112491446636508
"V1519" 0.657202192324752 0.186068472613591 0.028505274945705 0.128224060115951
"V1520" 0.688144484962499 0.274623549603456 0.00551149127844813 0.0317204741555964
"V1521" 0.241920379540519 0.70527869650544 0.05033344722862 0.0024674767254213
"V1522" 0.687486053578793 0.209456372052807 0.0214536877021245 0.0816038866662747
"V1523" 0.587418038360465 0.349243018859364 0.00838835457112969 0.0549505882090423
"V1524" 0.337066539977163 0.642850372844346 0.019270140119823 0.000812947058668148
"V1525" 0.238571645428354 0.718294259884137 0.0106504028168981 0.0324836918706117
"V1526" 0.425170756087564 0.532706162222271 0.0291922477281649 0.0129308339620002
"V1527" 0.292447034214449 0.570538711730029 0.042736446674346 0.0942778073811754
"V1528" 0.440928855637019 0.470802034905396 0.0615191947962117 0.026749914661373
"V1529" 0.743613353385078 0.20896660044423 0.0168838782203388 0.0305361679503539
"V1530" 0.513114518920656 0.430746758817563 0.0441868080891145 0.0119519141726657
"V1531" 0.704580380270187 0.138217692957821 0.00785818665140782 0.149343740120584
"V1532" 0.744173192307354 0.172597729681908 0.0371193268652183 0.0461097511455199
"V1533" 0.45162970535009 0.53379346270397 0.0100934964370162 0.00448333550892385
"V1534" 0.415118663854679 0.510660582438905 0.0701290609318828 0.00409169277453259
"V1535" 0.608999151526567 0.137881113649969 0.0126838272654683 0.240435907557995
"V1536" 0.422648868357877 0.521897746143351 0.0422962333366102 0.0131571521621613
"V1537" 0.476864082181745 0.507928735802561 0.00896085129709174 0.00624633071860143
"V1538" 0.0847481290165509 0.84307511205774 0.0571219546729172 0.0150548042527916
"V1539" 0.529087950041364 0.452404590054639 0.00571230864868864 0.0127951512553091
"V1540" 0.241010419442292 0.709988806536967 0.0473229998472164 0.00167777417352497
"V1541" 0.273635524424961 0.506441247951889 0.0839564358804249 0.135966791742725
"V1542" 0.846022638950783 0.0797349309410413 0.0040439898014616 0.0701984403067138
"V1543" 0.434033051513228 0.499433121808297 0.0306063316754262 0.0359274950030484
"V1544" 0.334771233026699 0.634625776808183 0.0296597827901502 0.00094320737496735
"V1545" 0.493509057672734 0.475622691891075 0.0150105419104089 0.0158577085257826
"V1546" 0.462802299893772 0.475712354112179 0.00751904314133587 0.0539663028527127
"V1547" 0.0088201853829612 0.892359021239885 0.0592098848083124 0.0396109085688409
"V1548" 0.784623104267035 0.129208346291684 0.0114431646561213 0.0747253847851593
"V1549" 0.16013589669157 0.781717449110131 0.0572333269462012 0.000913327252098015
"V1550" 0.00148053262496357 0.928041345442982 0.0559175591037063 0.0145605628283483
"V1551" 0.0160755552622021 0.646795659287065 0.00933064099470175 0.327798144456032
"V1552" 0.360514061452635 0.105639579410617 0.068169693764197 0.465676665372551
"V1553" 0.386153072079777 0.564329537635912 0.0269471628159857 0.0225702274683249
"V1554" 3.44762375669869e-07 0.830773433083977 0.072738246436076 0.0964879757175717
"V1555" 0.26287325187773 0.273046410220095 0.00557578718353586 0.458504550718639
"V1556" 2.55412165229965e-07 0.845307526607294 0.0183621133627863 0.136330104617755
"V1557" 0.466370544249531 0.456718264639652 0.0609738267741788 0.0159373643366384
"V1558" 0.211525247531562 0.719433661161971 0.0288755099475127 0.0401655813589547
"V1559" 0.0086636579626743 0.886996215265078 0.0372069910595223 0.067133135712725
"V1560" 0.546924045784859 0.355916262729909 0.00383307033479003 0.0933266211504422
"V1561" 0.113280689826 0.506567242018982 0.0184258225409562 0.361726245614062
"V1562" 0.0197459689599642 0.925876679517116 0.0226621036301626 0.0317152478927569
"V1563" 0.191806621628087 0.53035681205396 0.0557387842916427 0.222097782026311
"V1564" 0.320872219653586 0.650210056771018 0.0101070182942959 0.0188107052811002
"V1565" 0.012542049801487 0.922639702265448 0.0459172969413816 0.0189009509916832
"V1566" 0.0759844636278322 0.853197446895293 0.0512152135243585 0.0196028759525167
"V1567" 0.292543264133566 0.617096696405339 0.0700029753188882 0.0203570641422063
"V1568" 0.168837141281619 0.715492956052125 0.0903878939357229 0.0252820087305338
"V1569" 0.245425415285942 0.727241584473695 0.0240945037792928 0.00323849646107004
"V1570" 0.459139268007281 0.157606711210182 0.0213767908670346 0.361877229915502
"V1571" 0.164819420437981 0.770957530504347 0.047916390699839 0.0163066583578327
"V1572" 0.201190192190834 0.688252796861352 0.0374951063085001 0.073061904639314
"V1573" 0.0481685462433266 0.909100444461118 0.0333659077319409 0.00936510156361468
"V1574" 0.207038666585211 0.752474069053024 0.017647764602717 0.022839499759048
"V1575" 0.097204009494495 0.891584089696902 0.00898205362838092 0.00222984718022217
"V1576" 0.211111041417226 0.770369480891629 0.0171811210668139 0.00133835662433132
"V1577" 0.496598654683424 0.348435858975003 0.0650364096691828 0.0899290766723898
"V1578" 0.341522552532715 0.60775102007294 0.0378094885047628 0.0129169388895827
"V1579" 0.572703547923115 0.313905316916092 0.0278434753336492 0.0855476598271439
"V1580" 0.326584217017838 0.465205865394787 0.00543441681910471 0.20277550076827
"V1581" 0.644322845422861 0.268918561260145 0.0726473893229142 0.0141112039940804
"V1582" 0.677875486489806 0.27240864181251 0.00383330685606943 0.0458825648416151
"V1583" 0.448876484884608 0.380226486347183 0.0432623412864239 0.127634687481785
"V1584" 0.495880799016803 0.470851252242006 0.0115317432636878 0.0217362054775027
"V1585" 0.605798141017112 0.00516090976603801 0.013541632925124 0.375499316291726
"V1586" 0.724170400391207 0.0995676073705331 0.0281311431158044 0.148130849122456
"V1587" 0.644640306272092 0.0538750895067377 1.60419754287308e-07 0.301484443801416
"V1588" 0.768194010475533 0.156525063681681 0.00557424611859934 0.0697066797241871
"V1589" 0.441434638634482 0.509929075287803 0.0238280074102805 0.0248082786674345
"V1590" 0.567368850126647 0.274472062666401 0.0527692231089336 0.105389864098018
"V1591" 0.57175784675559 0.292038322660395 0.0660656794408954 0.0701381511431198
"V1592" 0.529871581706219 0.165392275042504 0.0068413945223357 0.297894748728941
"V1593" 0.625207858304172 0.346236605247939 9.73740176590664e-07 0.0285545627077127
"V1594" 0.730407390036366 0.167999259262195 0.0385671221088753 0.0630262285925629
"V1595" 0.672701494779745 0.20060197120198 0.0314993638074877 0.0951971702107871
"V1596" 0.507059527284487 0.428233098354478 0.0260802899021875 0.0386270844588473
"V1597" 0.597332947367994 0.274574586102423 0.0518903216489013 0.0762021448806821
"V1598" 0.753142699212134 0.100842995962513 0.0359930420776366 0.110021262747717
"V1599" 0.378128303381352 0.539947204434842 0.0215002864796875 0.0604242057041185
"V1600" 0.435761619624423 0.507492184508469 0.0452879878897241 0.0114582079773846
"V1601" 0.766937077211561 0.143505928312707 0.0500179190155593 0.0395390754601726
"V1602" 0.514123819232451 0.409893234307118 0.0555785702959602 0.0204043761644705
"V1603" 0.807730467831974 0.00521862798603518 0.0118701255465084 0.175180778635482
"V1604" 0.790081105573106 0.0192863420318898 0.0889483944352732 0.101684157959731
"V1605" 0.447411653953288 0.497447998001358 8.14749910851937e-08 0.0551402665703629
"V1606" 0.65979043486545 0.0340932331831986 0.0129721710542987 0.293144160897052
"V1607" 0.810698717621511 0.142536697856465 0.0026214421973726 0.0441431423246516
"V1608" 0.684709969692539 0.265810726477545 0.0200349017128517 0.0294444021170637
"V1609" 0.586412296585307 0.312908062577235 0.0566032403696396 0.0440764004678181
"V1610" 0.57011529791927 0.0541792428738614 0.0493669033537455 0.326338555853123
"V1611" 0.733385295785381 0.163914056099502 0.0255016245036378 0.0771990236114795
"V1612" 0.562551481221074 0.317330354051561 0.0416369698317909 0.0784811948955734
"V1613" 0.488598980922754 0.377729655015263 0.0789651811243876 0.0547061829375953
"V1614" 0.450619863082749 0.493133058750052 0.0511101393564544 0.00513693881074439
"V1615" 0.764056121921334 0.187121148903972 0.0185092689784209 0.0303134601962732
"V1616" 0.838532003980256 0.0709996305234511 0.01420550377826 0.0762628617180329
"V1617" 0.6679242734606 0.26712351366769 0.0455789396183622 0.019373273253348
"V1618" 0.568249550528279 0.220776824699159 0.0225686226364804 0.188405002136082
"V1619" 0.76801295577232 0.15125801722289 0.0276900365271609 0.0530389904776295
"V1620" 0.749718280154438 0.0121241149099662 0.0248705058041812 0.213287099131415
"V1621" 0.447440121933933 0.366931429570017 0.0617473927774498 0.1238810557186
"V1622" 0.466186678373805 0.464283604022436 0.0509539958053075 0.0185757217984518
"V1623" 0.638313655774705 0.204775634740489 0.0598697969059291 0.0970409125788773
"V1624" 0.85451241588651 0.0177688694840377 0.018682457561717 0.109036257067735
"V1625" 0.567143345185457 0.339655852212358 0.0602850425819417 0.0329157600202435
"V1626" 0.674398532697874 0.200537969562149 0.0446780470105726 0.0803854507294035
"V1627" 0.660417973698361 0.234253329429397 0.0786746137386374 0.0266540831336041
"V1628" 0.621921916826108 0.264991309389397 0.0500902381833707 0.0629965356011245
"V1629" 0.659652963022267 0.226788122252638 0.0495435406545496 0.0640153740705452
"V1630" 0.799596218728249 0.0386424450100042 0.0699457045111431 0.0918156317506036
"V1631" 0.806191567301479 0.046149265457205 0.0480875078538043 0.0995716593875114
"V1632" 0.604326355887413 0.326527259012466 0.0274142363965118 0.0417321487036083
"V1633" 0.501448739975123 0.270193216755774 0.163422327172857 0.0649357160962469
"V1634" 0.79444538567954 0.0871195373825368 0.0466711256209268 0.0717639513169967
"V1635" 0.505973923481127 0.400838920970564 0.0498410284521196 0.0433461270961896
"V1636" 0.497618505621529 0.425441879775069 0.0547055052845268 0.0222341093188746
"V1637" 0.67799794315967 0.178262444719452 0.0613521371507218 0.0823874749701568
"V1638" 0.434870591975099 0.510401649044052 0.035590895535157 0.0191368634456913
"V1639" 0.606745775779691 0.296868950822894 0.0391089599653179 0.0572763134320973
"V1640" 0.863219928537695 0.0127954782972921 0.0239128616921515 0.100071731472862
"V1641" 0.667234827671575 0.0790523800617037 0.0562158593978513 0.19749693286887
"V1642" 0.863917463035985 0.0619664368137003 0.0280490131957277 0.0460670869545869
"V1643" 0.478389297081417 0.393007691050243 0.0578584157149681 0.0707445961533727
"V1644" 0.673898672117547 0.0174748478896638 0.00921958329507732 0.299406896697712
"V1645" 0.389065043198368 0.517923198345477 0.055564339006828 0.0374474194493265
"V1646" 0.776353138617041 0.0289562661580662 0.0362970059386081 0.158393589286284
"V1647" 0.482662409443878 0.437384406969528 0.0493390382047984 0.0306141453817958
"V1648" 0.528457947756603 0.363475729493095 0.079314149603752 0.02875217314655
"V1649" 0.618320412727096 0.20699634831789 0.072983527582231 0.101699711372783
"V1650" 0.333405353637334 0.350107710007674 0.0365234280987814 0.27996350825621
"V1651" 0.476148621868056 0.260498059994236 0.0255627911612651 0.237790526976443
"V1652" 0.414133864348203 0.117860159749918 0.0144415229954826 0.453564452906396
"V1653" 0.445810018234571 0.155762534866279 0.0236972939064713 0.374730152992679
"V1654" 0.727953266823055 0.0431892168814328 0.0208717322032676 0.207985784092245
"V1655" 0.592618414660835 0.0524737311101397 0.0378740025102891 0.317033851718736
"V1656" 0.49851647430119 0.115395963819495 0.0295660236894209 0.356521538189894
"V1657" 0.322851602070171 0.113713874524429 3.04620148546007e-05 0.563404061390545
"V1658" 0.532672965069298 0.401598750730071 0.0481354305481922 0.017592853652439
"V1659" 0.398431521134691 0.37755257439137 0.110835862151651 0.113180042322288
"V1660" 0.467949927851284 0.0868605313770067 0.00457001289153747 0.440619527880172
"V1661" 0.38140725780998 0.439422231023153 0.00532810025996971 0.173842410906897
"V1662" 0.494446878709367 0.111940891114894 0.0902507342410208 0.303361495934718
"V1663" 0.416114147861626 0.367646298783529 0.0316443235383291 0.184595229816515
"V1664" 0.387219183127696 0.308566436325509 0.0113032616724618 0.292911118874334
"V1665" 0.428495352351127 0.297671840396821 0.00491282869699702 0.268919978555055
"V1666" 0.622773082449602 0.249834909635099 0.0726650699923271 0.0547269379229719
"V1667" 0.377217678299529 0.150668485319494 0.0438011542343773 0.428312682146599
"V1668" 0.794309204860543 0.0191857068131938 0.0363182842352961 0.150186804090968
"V1669" 0.521184527015314 0.427136032116522 0.0365587156738271 0.015120725194337
"V1670" 0.290371188376657 0.679616492887857 0.0300121170699263 2.01665559576384e-07
"V1671" 0.525698766439828 0.437047249141588 0.00774463446171006 0.0295093499568742
"V1672" 0.534335710371278 0.441591900672492 0.00998385556192815 0.0140885333943022
"V1673" 0.648481784967761 0.296564176598083 0.0338940741350463 0.0210599642991094
"V1674" 0.429747339715925 0.4541640969075 0.0720883614018829 0.0440002019746923
"V1675" 0.558238296001641 0.354853722817647 0.0661229507981954 0.0207850303825173
"V1676" 0.290070219529505 0.411037354246546 0.0749454731577877 0.223946953066161
"V1677" 0.547492838880105 0.359663650825337 0.0638974499082427 0.0289460603863144
"V1678" 0.580808300097514 0.270111839472397 0.0647379220317288 0.0843419383983593
"V1679" 0.480899405167232 0.373966522635853 0.0792740629185483 0.0658600092783672
"V1680" 0.849298185724354 0.0362336452678591 0.0366546402184842 0.077813528789303
"V1681" 0.475196788791595 0.0417039641630793 0.0992568062915351 0.38384244075379
"V1682" 0.476577884576991 0.295107665377633 0.11329397148003 0.115020478565346
"V1683" 0.82395697638363 0.0375012883853466 0.102445768167393 0.0360959670636306
"V1684" 0.643476195009539 0.170583214473007 0.0400206597775092 0.145919930739945
"V1685" 0.644549261660671 0.249780237720867 0.0644302216124947 0.0412402790059678
"V1686" 0.599377393695793 0.171370096244602 0.0623053244552526 0.166947185604352
"V1687" 0.58785181604032 0.147858935892754 0.00924357745057077 0.255045670616355
"V1688" 0.311695700734896 0.421506009685489 0.0621111457447145 0.204687143834901
"V1689" 0.529302625435423 0.363514017866699 0.046468284321199 0.0607150723766789
"V1690" 0.684427902262398 0.21426191041087 0.046473463825069 0.0548367235016629
"V1691" 0.674426452284169 0.270072874791544 0.016385968246474 0.039114704677813
"V1692" 0.700197207966916 0.114319299466531 0.0368885412917787 0.148594951274774
"V1693" 0.549445628342699 0.405464015558059 0.00421983492290993 0.040870521176332
"V1694" 0.828288514871208 0.0629888218540229 0.00600939943893853 0.10271326383583
"V1695" 0.780787985852475 0.0604595357255121 0.0262287818815959 0.132523696540417
"V1696" 0.738248811325201 0.133123383159992 0.0497582106931597 0.0788695948216471
"V1697" 0.654684944037618 0.170681600118237 0.05963783101953 0.114995624824615
"V1698" 0.0543702021152432 0.00964333875569525 0.926240813361095 0.00974564576796696
"V1699" 0.0646032861083375 0.0416973258003909 0.879229935366606 0.0144694527246653
"V1700" 1.29392789357218e-07 0.0370008880535743 0.953725554675137 0.00927342787849933
"V1701" 0.0463886850974262 0.0225756407941103 0.8804968166152 0.0505388574932637
"V1702" 1.54569511080646e-07 0.160952775135694 0.823400535384312 0.0156465349104827
"V1703" 0.040570552578289 0.122636828785118 0.800064967049609 0.0367276515869834
"V1704" 0.0755812531178205 4.37139563428909e-07 0.853242060611521 0.0711762491310955
"V1705" 1.97118281307337e-07 0.233907481704647 0.752755668986551 0.0133366521905203
"V1706" 8.61779104870274e-08 0.035113090828106 0.953622634140767 0.0112641888532161
"V1707" 0.0357741875163652 0.0138964078422256 0.930248290252201 0.0200811143892085
"V1708" 0.0335912738136708 0.049104271020688 0.893984366807735 0.0233200883579066
"V1709" 1.47533282049716e-07 0.0828862518627045 0.894234165663726 0.0228794349402874
"V1710" 0.0504072001506987 0.0674438515377488 0.865229799989405 0.0169191483221479
"V1711" 0.040760935432455 0.0637617492064593 0.885137302469842 0.0103400128912437
"V1712" 4.7925606443726e-07 0.139182143008783 0.850094986269554 0.0107223914655986
"V1713" 0.00675306968918814 0.0999529653057302 0.877124275885647 0.0161696891194345
"V1714" 0.0150426537303281 0.11091644659961 0.850945476572248 0.0230954230978141
"V1715" 0.105843460841036 0.0127143164063312 0.780251674776346 0.101190547976287
"V1716" 0.0120988107909773 0.0442836794240773 0.928653334607082 0.014964175177863
"V1717" 0.0455896109439631 4.32285918108017e-07 0.926394792591676 0.028015164178443
"V1718" 0.0115939447424511 0.0541880814948652 0.927283846777918 0.00693412698476607
"V1719" 0.0112786048269728 0.0595548033536436 0.916911017970319 0.0122555738490649
"V1720" 0.288694267817731 1.99996659952264e-06 0.627432472510093 0.0838712597055764
"V1721" 0.0214658986406921 0.0528847460799956 0.910995718579948 0.0146536366993642
"V1722" 0.104576732660417 6.90276074304915e-07 0.848279830361335 0.0471427467021744
"V1723" 0.0412062327847097 0.0123868102540601 0.93490215507192 0.0115048018893101
"V1724" 0.00588425337941965 0.0296415809797028 0.941353194533028 0.0231209711078499
"V1725" 0.0977545431003186 0.0305610800515895 0.852586223177439 0.0190981536706525
"V1726" 0.0336386554692423 0.024440974072665 0.909670992597689 0.0322493778604036
"V1727" 0.0503025991570352 0.0746335282847632 0.864901822137626 0.0101620504205756
"V1728" 0.0351116125412207 0.0631893860987616 0.888659554818853 0.0130394465411645
"V1729" 0.122541855341292 0.0320836215167422 0.827196707874644 0.0181778152673213
"V1730" 0.0660762889937806 4.9270508960677e-07 0.910388678401053 0.023534539900077
"V1731" 0.0979889135356578 0.0351677691891656 0.862411435896757 0.00443188137841966
"V1732" 1.89952002237665e-07 0.0445452995771932 0.838880881378543 0.116573629092261
"V1733" 0.162936310277902 2.22198311420917e-07 0.82363939282033 0.0134240747034565
"V1734" 0.0171922040926306 0.0248815804771526 0.938568207775362 0.0193580076548544
"V1735" 0.0373358544492339 0.050903600451784 0.899871564875916 0.0118889802230657
"V1736" 6.96108785978027e-07 0.0381344730789388 0.946206866640098 0.0156579641721776
"V1737" 0.0313894275183329 0.0364682378057242 0.926462752522744 0.0056795821531984
"V1738" 0.121734751323631 7.19573568443504e-08 0.8497135014803 0.0285516752387116
"V1739" 0.00131499534417676 0.0360649581734661 0.944941589479639 0.0176784570027177
"V1740" 0.0714963330490423 0.0146006051408338 0.896962031413844 0.0169410303962799
"V1741" 0.00562200585230819 0.0323852590778979 0.949417825287544 0.0125749097822501
"V1742" 0.00619654468723311 0.0499237611662562 0.931644773742375 0.0122349204041359
"V1743" 0.0625071621411614 0.00998861078270231 0.899190858849989 0.0283133682261472
"V1744" 0.130992704510286 0.00984851014451778 0.820777318300445 0.0383814670447506
"V1745" 0.103277332232932 1.54638247648172e-07 0.854708499077671 0.0420140140511492
"V1746" 0.00737605324784987 0.0301151937459743 0.888121228034481 0.0743875249716947
"V1747" 0.0270368432668442 0.019363072547186 0.940708508719314 0.0128915754666558
"V1748" 0.0150255650182824 0.0355376785638387 0.938748642618638 0.0106881137992407
"V1749" 0.049943399665353 0.00373751566410892 0.938217637513525 0.00810144715701327
"V1750" 0.0285822316731897 1.51357612128668e-07 0.958796595329091 0.0126210216401067
"V1751" 2.77628335549584e-07 0.0719203681796697 0.920184483919785 0.00789487027220956
"V1752" 0.0984470823368039 0.0108245756709275 0.872535643986681 0.0181926980055872
"V1753" 0.0196435786635941 0.146600411479377 0.820848304324073 0.0129077055329553
"V1754" 0.137988909324495 0.0231486802493735 0.827223480128925 0.011638930297207
"V1755" 0.0483247950961117 0.0768237706084867 0.863267236399265 0.0115841978961369
"V1756" 3.89071496317318e-07 0.0476006242769396 0.941616709937888 0.0107822767136761
"V1757" 1.03863862018268e-07 0.0940627370691803 0.891488939627066 0.0144482194398916
"V1758" 0.047955458348298 1.14793699298974e-07 0.889111803976164 0.0629326228818388
"V1759" 0.0169114284212417 0.054793998778588 0.922786220188493 0.00550835261167724
"V1760" 0.0256609014671044 0.0156096739822183 0.932035065745208 0.0266943588054693
"V1761" 0.0836132285559319 0.0109133564333261 0.873640865253719 0.0318325497570231
"V1762" 6.78672218072717e-08 0.0631925158228986 0.87545613218064 0.0613512841292395
"V1763" 8.65793343648727e-07 0.0480437601942783 0.892433513504984 0.0595218605073941
"V1764" 0.0353429844760056 0.0479337153551695 0.770057668273154 0.146665631895671
"V1765" 0.0242586723667776 0.00283381906624963 0.825942193673554 0.146965314893419
"V1766" 0.0471362872411785 8.93060572026387e-07 0.841457817180997 0.111405002517252
"V1767" 1.03168268558731e-07 0.01134251311082 0.504699701193629 0.483957682527282
"V1768" 0.0244627028869099 0.0297808426979266 0.931790007510516 0.0139664469046471
"V1769" 0.000849913161361833 0.0939081612787195 0.84217366055996 0.0630682649999582
"V1770" 0.0817361222636599 0.000524183305631504 0.905051991693394 0.0126877027373148
"V1771" 0.0568011555987334 0.0141988199019849 0.904334822191962 0.0246652023073192
"V1772" 0.00184554969825323 0.0548667977662645 0.877019316984537 0.0662683355509456
"V1773" 0.0441230309195943 0.02669569253966 0.911973069059921 0.0172082074808247
"V1774" 1.35092417246602e-07 0.0184132129290796 0.866179387591543 0.11540726438696
"V1775" 0.0384670740647944 0.086828190312304 0.868591238163516 0.00611349745938531
"V1776" 1.2290037273613e-07 0.10957850450604 0.878878726123724 0.0115426464698627
"V1777" 0.00627538264311455 0.0404870738921698 0.938767126456149 0.0144704170085667
"V1778" 0.0123893570106739 0.0528033969565512 0.918705750933628 0.0161014950991464
"V1779" 0.104387312187014 1.84192865210998e-07 0.887245220645642 0.00836728297447919
"V1780" 0.00168336103678511 0.0308059159373017 0.936640284534332 0.0308704384915815
"V1781" 0.087707427553681 0.0162599549193495 0.791001491972246 0.105031125554724
"V1782" 1.29721691616963e-05 0.077506718128686 0.876770479213779 0.0457098304883735
"V1783" 2.18087873208701e-07 0.0468649512209972 0.947189481425227 0.00594534926590245
"V1784" 0.0755263229526552 0.0531554455405263 0.854188030633399 0.0171302008734198
"V1785" 0.0261046315063506 0.0804573662010371 0.88117068234455 0.0122673199480627
"V1786" 0.0562037184737669 0.0124006944595528 0.905908604588479 0.0254869824782012
"V1787" 0.0776750135000229 2.75799548697796e-07 0.912017896217401 0.0103068144830276
"V1788" 0.0347077821411489 0.021921102169866 0.936236640135347 0.00713447555363759
"V1789" 0.142103227664174 1.22666439764171e-07 0.839928355386966 0.0179682942824196
"V1790" 0.0165236085491154 1.75831760487449e-07 0.963214277167048 0.0202619384520756
"V1791" 0.0273078731506563 0.00887360452741904 0.9391533850921 0.0246651372298247
"V1792" 0.0245286194310227 0.0538835863362774 0.90803207682036 0.0135557174123398
"V1793" 0.0639887744012651 0.0668684156516803 0.864155111607294 0.00498769833976001
"V1794" 6.95795812533761e-07 0.0557978663223786 0.930000788435075 0.0142006494467343
"V1795" 1.57384502048539e-07 0.0557563299030185 0.883630797696325 0.060612715016154
"V1796" 0.0310855428731116 0.00334465104436032 0.946766140411218 0.0188036656713106
"V1797" 0.000357929980536865 0.0464367202918448 0.932609131974021 0.0205962177535972
"V1798" 0.0426509610418796 0.0354819537934894 0.879875268164254 0.0419918170003773
"V1799" 0.131434301345675 5.30824431320664e-06 0.797249567471204 0.0713108229388077
"V1800" 0.0441157465191209 0.073330607996681 0.875341998373984 0.00721164711021454
"V1801" 0.014848324354265 0.0295780458496207 0.928335077873027 0.0272385519230868
"V1802" 0.0057585191516926 0.115767707865469 0.86824551986257 0.0102282531202692
"V1803" 0.109253557178388 0.0267148082929035 0.855973713443698 0.00805792108500989
"V1804" 0.087582597884968 0.00130574190749019 0.876909080651304 0.0342025795562381
"V1805" 0.0621606253143296 0.0428604077157137 0.876620686861934 0.0183582801080222
"V1806" 0.0581864092485719 0.0148152929810271 0.913440819949537 0.0135574778208643
"V1807" 0.0879492426998404 0.00319070568959816 0.882187652296934 0.026672399313627
"V1808" 0.0978555018036436 0.0115051812531477 0.868029733162173 0.0226095837810362
"V1809" 0.0374208052794398 0.00734190727148742 0.886858914008714 0.0683783734403583
"V1810" 0.117394722183868 7.58239218893834e-07 0.876228272477403 0.00637624709951028
"V1811" 0.145507811010946 9.28034190437287e-07 0.826218259968267 0.0282730009865968
"V1812" 0.162382516026589 0.00799819908373135 0.821734693988242 0.00788459090143696
"V1813" 0.0316626633705357 0.0481625307488826 0.82175151489177 0.0984232909888111
"V1814" 0.129552743198551 1.83561337769014e-06 0.863901160759708 0.0065442604283626
"V1815" 0.0493749437046471 0.0291242510780141 0.910769134866679 0.0107316703506598
"V1816" 0.00615888057301659 0.0260139635859871 0.948379789192076 0.0194473666489201
"V1817" 0.0443384392749983 0.0124369626769625 0.930639968132854 0.0125846299151852
"V1818" 0.0135317169793925 0.0135196242109056 0.935741057881846 0.0372076009278557
"V1819" 0.149673704578944 0.000140704447413498 0.837362465157637 0.0128231258160057
"V1820" 0.088625378420507 2.84970763764586e-06 0.888943576707219 0.0224281951646367
"V1821" 0.187203894544028 5.02389889858203e-07 0.805412164982178 0.00738343808390372
"V1822" 0.115349138835943 8.76877009028314e-06 0.868226521451293 0.0164155709426737
"V1823" 0.0105118082914367 0.0400298859585608 0.92782904829284 0.0216292574571623
"V1824" 0.110654832828135 0.0176855038313831 0.85255447253198 0.0191051908085017
"V1825" 0.0701036055433786 0.0452890321026977 0.860598321855384 0.02400904049854
"V1826" 0.272130430724635 0.000845492504212905 0.699744279144044 0.0272797976271084
"V1827" 0.207147825294197 5.32594380394794e-07 0.774328867817276 0.0185227742941463
"V1828" 2.19100272742791e-07 0.0412284936008784 0.937314066650523 0.021457220648326
"V1829" 0.114660929101334 0.0206440248212238 0.829257289367178 0.0354377567102639
"V1830" 3.89940456745384e-07 0.0444959750919552 0.946656913594526 0.00884672137306249
"V1831" 0.0462575553573793 0.0447680881086392 0.903811005517851 0.00516335101613099
"V1832" 0.103240549651849 0.000185354224494919 0.879165219380376 0.0174088767432799
"V1833" 0.0483040832855081 0.0261353053918906 0.917536119579388 0.00802449174321346
"V1834" 0.0464372112626883 0.0220958765138963 0.918205813509238 0.0132610987141772
"V1835" 0.00973444827322126 0.0477529375346296 0.923498008401495 0.0190146057906544
"V1836" 0.0645902539990994 0.0598004499411004 0.861722948213432 0.0138863478463685
"V1837" 0.00592205882968907 0.0677118550439063 0.910517675785677 0.0158484103407278
"V1838" 1.16268434819378e-06 0.0502156841118541 0.934507520908011 0.0152756322957865
"V1839" 0.0635899043885644 0.0192482121761535 0.90969578622929 0.00746609720599157
"V1840" 0.138888939038546 1.19142121851004e-07 0.841898082699231 0.0192128591201015
"V1841" 0.0589919691580569 0.0365288005544297 0.899132399068354 0.00534683121915895
"V1842" 0.0955112026353252 0.00888125641332933 0.880084246629343 0.0155232943220021
"V1843" 0.0969128947830616 0.045660276226443 0.847178776806112 0.0102480521843839
"V1844" 0.0854600055266251 3.54600207736249e-06 0.896867491198639 0.0176689572726589
"V1845" 0.132242660726415 0.00106318118256059 0.847814669204661 0.0188794888863632
"V1846" 0.0674677238795175 0.0124280605230751 0.901153948713083 0.0189502668843247
"V1847" 0.0591950800755915 0.0436290050924331 0.868741332553185 0.0284345822787907
"V1848" 0.0538455388948624 0.0218644984040449 0.915631521333931 0.00865844136716207
"V1849" 0.116181785806277 0.000162799138760657 0.759268590495174 0.124386824559789
"V1850" 0.12002692930033 8.09878232658044e-08 0.868523540086613 0.0114494496252334
"V1851" 0.110719973809675 0.00391978873607976 0.851462936951493 0.0338973005027522
"V1852" 0.000892026380477548 0.0298633817840546 0.946371271016538 0.0228733208189302
"V1853" 0.0817354383705433 0.0115094414258636 0.893414429756823 0.0133406904467705
"V1854" 0.0460639246754812 0.00451200017006152 0.932354359494821 0.0170697156596366
"V1855" 0.0974315298157794 0.0100575045178056 0.889679566060519 0.00283139960589604
"V1856" 0.198392932709217 7.99675299638034e-08 0.744115467277955 0.0574915200452977
"V1857" 0.102528692530223 0.0192825960795512 0.8419422836915 0.0362464276987255
"V1858" 0.128678459096823 0.023898321994366 0.812211829126084 0.0352113897827269
"V1859" 0.0613079596016829 6.58580179355885e-07 0.869506759147015 0.0691846226711224
"V1860" 0.0735136825397154 3.33522687081839e-06 0.895699640458182 0.0307833417752316
"V1861" 0.0887996370185533 6.46000407246876e-07 0.885786010995602 0.0254137059854378
"V1862" 0.0887363898500958 2.39796816760133e-07 0.855667945810714 0.0555954245423734
"V1863" 0.0462436826538119 0.0168000703798603 0.932212186840253 0.00474406012607441
"V1864" 0.0948309927015232 7.7984837714675e-07 0.884879346995416 0.0202888804546837
"V1865" 0.0208054079619673 0.00937808269150541 0.960496596840112 0.00931991250641538
"V1866" 0.0184537092395633 0.0552293325868167 0.918996613541202 0.0073203446324175
"V1867" 0.124423253973355 1.25007960748786e-06 0.866883108565922 0.00869238738111563
"V1868" 0.151131044144083 0.00380867356372564 0.82293865680757 0.0221216254846219
"V1869" 0.143190416292551 0.0314892365032824 0.803405316331804 0.0219150308723626
"V1870" 0.0459559280412951 0.0285953663230918 0.919108499059942 0.00634020657567141
"V1871" 0.0317915341590803 0.0194858755711447 0.927999174851373 0.020723415418402
"V1872" 0.068424415232809 0.00838070044647389 0.831707126953092 0.0914877573676255
"V1873" 9.01409405029412e-05 0.0872846290689318 0.903301385839817 0.00932384415074836
"V1874" 0.0634681337380797 0.0169947980723199 0.906301163245212 0.0132359049443886
"V1875" 0.267499520582191 0.00411070362312547 0.701614291527157 0.0267754842675271
"V1876" 0.0460071609420971 0.0383079821328438 0.908032501703675 0.00765235522138448
"V1877" 0.0781287070741457 0.00248123358080222 0.908350914737914 0.011039144607138
"V1878" 0.0442153004360011 0.000130463269139814 0.941546077087123 0.0141081592077364
"V1879" 0.162852540188904 3.23444761964154e-07 0.826658007741592 0.0104891286247418
"V1880" 0.0931016127594593 0.050472396175574 0.84737246917488 0.00905352189008657
"V1881" 0.0781725467202905 0.0177814700077297 0.877242699693167 0.0268032835788129
"V1882" 3.45383682142848e-06 0.0673335463659907 0.85790954342061 0.0747534563765779
"V1883" 0.0655439214060878 0.00116024769496378 0.804993230534975 0.128302600363973
"V1884" 0.120702178165505 2.58993014666668e-06 0.644089112625792 0.235206119278556
"V1885" 0.0943756058891116 2.15219277983636e-07 0.77757015815336 0.128054020738251
"V1886" 0.0917463976089085 2.1541064120989e-06 0.899235671716159 0.00901577656851997
"V1887" 0.0324924192066705 0.0490029373343561 0.897714188902167 0.0207904545568065
"V1888" 0.0507914248969174 9.99447163764523e-07 0.746814261160251 0.202393314495668
"V1889" 3.781815812521e-06 0.0122603511894333 0.846834878266874 0.14090098872788
"V1890" 0.059341014489538 1.9317269766359e-07 0.92352930864176 0.0171294836960042
"V1891" 0.098748530444028 1.86772555370879e-07 0.880759158399855 0.0204921243835617
"V1892" 0.0517251703502041 0.0205811342392169 0.839110866173988 0.0885828292365912
"V1893" 0.0769871553760314 2.45266106001209e-06 0.914596383984894 0.00841400797801469
"V1894" 0.155228718767849 0.0179240370639248 0.69962382595289 0.127223418215336
"V1895" 2.09079149010506e-07 0.00373346261233201 0.809899181892327 0.186367146416192
"V1896" 0.0742035500560973 0.0684060925140967 0.743073573435581 0.114316783994225
"V1897" 0.182193083059294 0.0561952660750375 0.654635213920137 0.106976436945531
"V1898" 0.0793783023766549 0.0433984082091412 0.862595198276663 0.0146280911375408
"V1899" 0.013222171751915 0.0529740064974653 0.915190479344443 0.0186133424061766
"V1900" 0.0058772015448364 0.0144306939574201 0.966087954982916 0.0136041495148273
"V1901" 0.0776585575732446 0.0182672625428378 0.878124169841933 0.0259500100419848
"V1902" 0.119986728172563 8.40572994573578e-08 0.873652588611005 0.00636059915913319
"V1903" 0.0680980252138459 0.00363316808059889 0.917942432505342 0.0103263742002132
"V1904" 0.126609906093363 0.0426199439508186 0.811489645969666 0.0192805039861519
"V1905" 2.82177813639422e-07 0.060812885765733 0.929010701297641 0.0101761307588119
"V1906" 0.0592293352150736 0.0177224611971524 0.849408035279432 0.0736401683083416
"V1907" 0.1440878807994 0.00604337424282394 0.797712123712704 0.0521566212450722
